(kicad_pcb (version 20171130) (host pcbnew "(5.1.4)-1")

  (general
    (thickness 1.6)
    (drawings 12)
    (tracks 493)
    (zones 0)
    (modules 56)
    (nets 66)
  )

  (page A4)
  (layers
    (0 F.Cu signal hide)
    (31 B.Cu signal)
    (32 B.Adhes user hide)
    (33 F.Adhes user hide)
    (34 B.Paste user)
    (35 F.Paste user hide)
    (36 B.SilkS user)
    (37 F.SilkS user hide)
    (38 B.Mask user)
    (39 F.Mask user hide)
    (40 Dwgs.User user hide)
    (41 Cmts.User user hide)
    (42 Eco1.User user hide)
    (43 Eco2.User user hide)
    (44 Edge.Cuts user)
    (45 Margin user hide)
    (46 B.CrtYd user hide)
    (47 F.CrtYd user hide)
    (48 B.Fab user hide)
    (49 F.Fab user hide)
  )

  (setup
    (last_trace_width 0.2)
    (user_trace_width 0.2)
    (user_trace_width 0.3)
    (trace_clearance 0.16)
    (zone_clearance 0.2)
    (zone_45_only no)
    (trace_min 0.158)
    (via_size 0.6)
    (via_drill 0.3)
    (via_min_size 0.4)
    (via_min_drill 0.3)
    (uvia_size 0.3)
    (uvia_drill 0.1)
    (uvias_allowed no)
    (uvia_min_size 0.2)
    (uvia_min_drill 0.1)
    (edge_width 0.1)
    (segment_width 0.2)
    (pcb_text_width 0.3)
    (pcb_text_size 1.5 1.5)
    (mod_edge_width 0.12)
    (mod_text_size 1 1)
    (mod_text_width 0.15)
    (pad_size 1.524 1.524)
    (pad_drill 0.762)
    (pad_to_mask_clearance 0.051)
    (solder_mask_min_width 0.2)
    (aux_axis_origin 0 0)
    (visible_elements 7FFFF7FF)
    (pcbplotparams
      (layerselection 0x010fc_ffffffff)
      (usegerberextensions false)
      (usegerberattributes false)
      (usegerberadvancedattributes false)
      (creategerberjobfile false)
      (excludeedgelayer true)
      (linewidth 0.100000)
      (plotframeref false)
      (viasonmask false)
      (mode 1)
      (useauxorigin false)
      (hpglpennumber 1)
      (hpglpenspeed 20)
      (hpglpendiameter 15.000000)
      (psnegative false)
      (psa4output false)
      (plotreference true)
      (plotvalue true)
      (plotinvisibletext false)
      (padsonsilk false)
      (subtractmaskfromsilk false)
      (outputformat 1)
      (mirror false)
      (drillshape 0)
      (scaleselection 1)
      (outputdirectory "Outputs/"))
  )

  (net 0 "")
  (net 1 GND)
  (net 2 VREF)
  (net 3 VREFA)
  (net 4 VREFB)
  (net 5 3V3)
  (net 6 VIN)
  (net 7 VUSB)
  (net 8 BOOT0)
  (net 9 BUTTONDOWN)
  (net 10 BUTTONUP)
  (net 11 TTAIN)
  (net 12 TTBIN)
  (net 13 CANH)
  (net 14 CANL)
  (net 15 CANTX)
  (net 16 CANRX)
  (net 17 INTERSW)
  (net 18 DACOUTB)
  (net 19 DACOUTA)
  (net 20 TTBOUT)
  (net 21 TTAOUT)
  (net 22 "Net-(C3-Pad1)")
  (net 23 "Net-(C16-Pad2)")
  (net 24 "Net-(C17-Pad2)")
  (net 25 BUTTONMID)
  (net 26 /RST)
  (net 27 "Net-(C4-Pad2)")
  (net 28 "Net-(C5-Pad2)")
  (net 29 LED1)
  (net 30 LED2)
  (net 31 LED3)
  (net 32 "Net-(D1-Pad3)")
  (net 33 REGIN)
  (net 34 "Net-(C4-Pad1)")
  (net 35 "Net-(C5-Pad1)")
  (net 36 "Net-(J2-Pad14)")
  (net 37 "Net-(J2-Pad15)")
  (net 38 "Net-(J2-Pad16)")
  (net 39 "Net-(J2-Pad17)")
  (net 40 "Net-(J1-Pad4)")
  (net 41 USB_P)
  (net 42 USB_N)
  (net 43 "Net-(U5-Pad4)")
  (net 44 CANSTBY)
  (net 45 "Net-(U7-Pad43)")
  (net 46 "Net-(U7-Pad42)")
  (net 47 "Net-(U7-Pad37)")
  (net 48 "Net-(U7-Pad34)")
  (net 49 "Net-(U7-Pad31)")
  (net 50 "Net-(U7-Pad27)")
  (net 51 "Net-(U7-Pad26)")
  (net 52 "Net-(U7-Pad25)")
  (net 53 "Net-(U7-Pad22)")
  (net 54 "Net-(U7-Pad21)")
  (net 55 "Net-(U7-Pad19)")
  (net 56 "Net-(U7-Pad18)")
  (net 57 "Net-(U7-Pad16)")
  (net 58 "Net-(U7-Pad12)")
  (net 59 "Net-(U7-Pad11)")
  (net 60 "Net-(U7-Pad6)")
  (net 61 "Net-(U7-Pad5)")
  (net 62 "Net-(U7-Pad2)")
  (net 63 "Net-(D1-Pad5)")
  (net 64 "Net-(D1-Pad1)")
  (net 65 "Net-(U3-Pad4)")

  (net_class Default "This is the default net class."
    (clearance 0.16)
    (trace_width 0.2)
    (via_dia 0.6)
    (via_drill 0.3)
    (uvia_dia 0.3)
    (uvia_drill 0.1)
    (add_net /RST)
    (add_net 3V3)
    (add_net BOOT0)
    (add_net BUTTONDOWN)
    (add_net BUTTONMID)
    (add_net BUTTONUP)
    (add_net CANH)
    (add_net CANL)
    (add_net CANRX)
    (add_net CANSTBY)
    (add_net CANTX)
    (add_net DACOUTA)
    (add_net DACOUTB)
    (add_net GND)
    (add_net INTERSW)
    (add_net LED1)
    (add_net LED2)
    (add_net LED3)
    (add_net "Net-(C16-Pad2)")
    (add_net "Net-(C17-Pad2)")
    (add_net "Net-(C3-Pad1)")
    (add_net "Net-(C4-Pad1)")
    (add_net "Net-(C4-Pad2)")
    (add_net "Net-(C5-Pad1)")
    (add_net "Net-(C5-Pad2)")
    (add_net "Net-(D1-Pad1)")
    (add_net "Net-(D1-Pad3)")
    (add_net "Net-(D1-Pad5)")
    (add_net "Net-(J1-Pad4)")
    (add_net "Net-(J2-Pad14)")
    (add_net "Net-(J2-Pad15)")
    (add_net "Net-(J2-Pad16)")
    (add_net "Net-(J2-Pad17)")
    (add_net "Net-(U3-Pad4)")
    (add_net "Net-(U5-Pad4)")
    (add_net "Net-(U7-Pad11)")
    (add_net "Net-(U7-Pad12)")
    (add_net "Net-(U7-Pad16)")
    (add_net "Net-(U7-Pad18)")
    (add_net "Net-(U7-Pad19)")
    (add_net "Net-(U7-Pad2)")
    (add_net "Net-(U7-Pad21)")
    (add_net "Net-(U7-Pad22)")
    (add_net "Net-(U7-Pad25)")
    (add_net "Net-(U7-Pad26)")
    (add_net "Net-(U7-Pad27)")
    (add_net "Net-(U7-Pad31)")
    (add_net "Net-(U7-Pad34)")
    (add_net "Net-(U7-Pad37)")
    (add_net "Net-(U7-Pad42)")
    (add_net "Net-(U7-Pad43)")
    (add_net "Net-(U7-Pad5)")
    (add_net "Net-(U7-Pad6)")
    (add_net REGIN)
    (add_net TTAIN)
    (add_net TTAOUT)
    (add_net TTBIN)
    (add_net TTBOUT)
    (add_net USB_N)
    (add_net USB_P)
    (add_net VIN)
    (add_net VREF)
    (add_net VREFA)
    (add_net VREFB)
    (add_net VUSB)
  )

  (module Package_DFN_QFN:Texas_R-PUQFN-N10 (layer B.Cu) (tedit 5C425719) (tstamp 5E066C11)
    (at 114.525 95.225 180)
    (descr http://www.ti.com/general/docs/lit/getliterature.tsp?baseLiteratureNumber=MPQF186&fileType=pdf)
    (tags Texas_R-PUQFN-N10)
    (path /5E132E3D)
    (attr smd)
    (fp_text reference U1 (at -1.2 1.85) (layer B.SilkS)
      (effects (font (size 1 1) (thickness 0.15)) (justify mirror))
    )
    (fp_text value TS5A23159RSER (at 0 -2.25) (layer B.Fab)
      (effects (font (size 1 1) (thickness 0.15)) (justify mirror))
    )
    (fp_line (start -0.5 -1.2) (end -0.9 -1.2) (layer B.SilkS) (width 0.12))
    (fp_line (start 0.75 1) (end 0.75 -1) (layer B.Fab) (width 0.1))
    (fp_line (start -0.25 1) (end 0.75 1) (layer B.Fab) (width 0.1))
    (fp_line (start -0.75 -1) (end -0.75 0.5) (layer B.Fab) (width 0.1))
    (fp_line (start 0.75 -1) (end -0.75 -1) (layer B.Fab) (width 0.1))
    (fp_line (start -0.25 1) (end -0.75 0.5) (layer B.Fab) (width 0.1))
    (fp_line (start 1.18 -1.43) (end -1.18 -1.43) (layer B.CrtYd) (width 0.05))
    (fp_line (start 1.18 1.43) (end 1.18 -1.43) (layer B.CrtYd) (width 0.05))
    (fp_line (start -1.18 1.43) (end 1.18 1.43) (layer B.CrtYd) (width 0.05))
    (fp_line (start -1.18 -1.43) (end -1.18 1.43) (layer B.CrtYd) (width 0.05))
    (fp_line (start 0.9 -1.2) (end 0.5 -1.2) (layer B.SilkS) (width 0.12))
    (fp_line (start 0.9 1.2) (end 0.5 1.2) (layer B.SilkS) (width 0.12))
    (fp_text user %R (at 0 0 90) (layer B.Fab)
      (effects (font (size 0.3 0.3) (thickness 0.03)) (justify mirror))
    )
    (pad 5 smd rect (at 0 -1.175 90) (size 0.63 0.35) (drill (offset 0.315 0)) (layers B.Cu B.Paste B.Mask)
      (net 17 INTERSW))
    (pad 10 smd rect (at 0 1.175 270) (size 0.63 0.35) (drill (offset 0.315 0)) (layers B.Cu B.Paste B.Mask)
      (net 21 TTAOUT))
    (pad 2 smd rect (at -0.35 0.25 270) (size 0.25 0.575) (drill (offset 0 -0.2875)) (layers B.Cu B.Paste B.Mask)
      (net 27 "Net-(C4-Pad2)"))
    (pad 3 smd rect (at -0.35 -0.25 270) (size 0.25 0.575) (drill (offset 0 -0.2875)) (layers B.Cu B.Paste B.Mask)
      (net 1 GND))
    (pad 7 smd rect (at 0.35 -0.25 90) (size 0.25 0.575) (drill (offset 0 -0.2875)) (layers B.Cu B.Paste B.Mask)
      (net 12 TTBIN))
    (pad 8 smd rect (at 0.35 0.25 90) (size 0.25 0.575) (drill (offset 0 -0.2875)) (layers B.Cu B.Paste B.Mask)
      (net 33 REGIN))
    (pad 9 smd rect (at 0.35 0.75 90) (size 0.3 0.575) (drill (offset 0 -0.2875)) (layers B.Cu B.Paste B.Mask)
      (net 11 TTAIN))
    (pad 6 smd rect (at 0.35 -0.75 90) (size 0.3 0.575) (drill (offset 0 -0.2875)) (layers B.Cu B.Paste B.Mask)
      (net 20 TTBOUT))
    (pad 4 smd rect (at -0.35 -0.75 270) (size 0.3 0.575) (drill (offset 0 -0.2875)) (layers B.Cu B.Paste B.Mask)
      (net 28 "Net-(C5-Pad2)"))
    (pad 1 smd rect (at -0.35 0.75 270) (size 0.3 0.575) (drill (offset 0 -0.2875)) (layers B.Cu B.Paste B.Mask)
      (net 17 INTERSW))
    (model ${KISYS3DMOD}/Package_DFN_QFN.3dshapes/Texas_R-PUQFN-N10.wrl
      (at (xyz 0 0 0))
      (scale (xyz 1 1 1))
      (rotate (xyz 0 0 0))
    )
  )

  (module LED_SMD:LED_Cree-PLCC6_4.7x1.5mm (layer B.Cu) (tedit 5B7DC870) (tstamp 5E05B326)
    (at 101 90.1 90)
    (descr "4.7mm x 1.5mm PLCC6 LED, http://www.cree.com/led-components/media/documents/1381-QLS6AFKW.pdf")
    (tags "LED Cree PLCC-6")
    (path /5E0C9ECD)
    (attr smd)
    (fp_text reference D1 (at -3.45 -0.25 270) (layer B.SilkS)
      (effects (font (size 1 1) (thickness 0.15)) (justify mirror))
    )
    (fp_text value QLS6A-FKW (at 0 3.85 270) (layer B.Fab)
      (effects (font (size 1 1) (thickness 0.15)) (justify mirror))
    )
    (fp_line (start 2.46 0.86) (end 2.46 -0.86) (layer B.SilkS) (width 0.12))
    (fp_line (start -2.35 0.86) (end 2.46 0.86) (layer B.SilkS) (width 0.12))
    (fp_line (start -2.46 -0.86) (end 2.46 -0.86) (layer B.SilkS) (width 0.12))
    (fp_line (start -2.46 -0.4) (end -2.46 -0.86) (layer B.SilkS) (width 0.12))
    (fp_line (start 2.6 -1) (end -2.6 -1) (layer B.CrtYd) (width 0.05))
    (fp_line (start 2.6 1) (end 2.6 -1) (layer B.CrtYd) (width 0.05))
    (fp_line (start -2.6 1) (end -2.6 -1) (layer B.CrtYd) (width 0.05))
    (fp_line (start -2.6 1) (end 2.6 1) (layer B.CrtYd) (width 0.05))
    (fp_line (start -2.35 0.75) (end 2.35 0.75) (layer B.Fab) (width 0.1))
    (fp_line (start 2.35 0.75) (end 2.35 -0.75) (layer B.Fab) (width 0.1))
    (fp_line (start -2.35 -0.75) (end 2.35 -0.75) (layer B.Fab) (width 0.1))
    (fp_line (start -2.35 0.75) (end -2.35 -0.75) (layer B.Fab) (width 0.1))
    (fp_text user %R (at 0 -1.8 270) (layer B.Fab)
      (effects (font (size 1 1) (thickness 0.15)) (justify mirror))
    )
    (pad 6 smd rect (at 2.02 -0.335 90) (size 0.66 0.63) (layers B.Cu B.Paste B.Mask)
      (net 1 GND))
    (pad 5 smd rect (at 1.21 0.25 90) (size 0.4 0.8) (layers B.Cu B.Paste B.Mask)
      (net 63 "Net-(D1-Pad5)"))
    (pad 4 smd rect (at 0.53 0.25 90) (size 0.4 0.8) (layers B.Cu B.Paste B.Mask)
      (net 1 GND))
    (pad 3 smd rect (at -0.53 0.25 90) (size 0.4 0.8) (layers B.Cu B.Paste B.Mask)
      (net 32 "Net-(D1-Pad3)"))
    (pad 2 smd rect (at -1.21 0.25 90) (size 0.4 0.8) (layers B.Cu B.Paste B.Mask)
      (net 1 GND))
    (pad 1 smd rect (at -2.02 -0.335 90) (size 0.66 0.63) (layers B.Cu B.Paste B.Mask)
      (net 64 "Net-(D1-Pad1)"))
    (model ${KISYS3DMOD}/LED_SMD.3dshapes/LED_Cree-PLCC6_4.7x1.5mm.wrl
      (at (xyz 0 0 0))
      (scale (xyz 1 1 1))
      (rotate (xyz 0 0 0))
    )
  )

  (module TestPoint:TestPoint_Pad_1.5x1.5mm (layer F.Cu) (tedit 5A0F774F) (tstamp 5DE1C4C7)
    (at 113.15 79.95)
    (descr "SMD rectangular pad as test Point, square 1.5mm side length")
    (tags "test point SMD pad rectangle square")
    (path /5DE018EE)
    (attr virtual)
    (fp_text reference TP2 (at -0.525 -1.75) (layer F.SilkS)
      (effects (font (size 1 1) (thickness 0.15)))
    )
    (fp_text value TestPoint (at 0 1.75) (layer F.Fab)
      (effects (font (size 1 1) (thickness 0.15)))
    )
    (fp_line (start 1.25 1.25) (end -1.25 1.25) (layer F.CrtYd) (width 0.05))
    (fp_line (start 1.25 1.25) (end 1.25 -1.25) (layer F.CrtYd) (width 0.05))
    (fp_line (start -1.25 -1.25) (end -1.25 1.25) (layer F.CrtYd) (width 0.05))
    (fp_line (start -1.25 -1.25) (end 1.25 -1.25) (layer F.CrtYd) (width 0.05))
    (fp_line (start -0.95 0.95) (end -0.95 -0.95) (layer F.SilkS) (width 0.12))
    (fp_line (start 0.95 0.95) (end -0.95 0.95) (layer F.SilkS) (width 0.12))
    (fp_line (start 0.95 -0.95) (end 0.95 0.95) (layer F.SilkS) (width 0.12))
    (fp_line (start -0.95 -0.95) (end 0.95 -0.95) (layer F.SilkS) (width 0.12))
    (fp_text user %R (at 0 -1.65) (layer F.Fab)
      (effects (font (size 1 1) (thickness 0.15)))
    )
    (pad 1 smd rect (at 0 0) (size 1.5 1.5) (layers F.Cu F.Mask)
      (net 8 BOOT0))
  )

  (module Connector_JAE:MX23A18NF1 (layer F.Cu) (tedit 5DE0A388) (tstamp 5DE2A670)
    (at 110.5 89 270)
    (path /5E0DFFB4)
    (fp_text reference J2 (at -0.95 5.45 90) (layer F.SilkS)
      (effects (font (size 1 1) (thickness 0.15)))
    )
    (fp_text value Conn_02x09_Top_Bottom (at -5.7 -4.8 90) (layer F.Fab)
      (effects (font (size 1 1) (thickness 0.15)))
    )
    (fp_text user Edge (at 4.2 9.6 90) (layer F.Fab)
      (effects (font (size 1 1) (thickness 0.15)))
    )
    (fp_line (start -19 -1.5) (end -19 10.5) (layer F.SilkS) (width 0.12))
    (fp_line (start 19 -1.5) (end -19 -1.5) (layer F.SilkS) (width 0.12))
    (fp_line (start 19 10.5) (end 19 -1.5) (layer F.SilkS) (width 0.12))
    (fp_line (start -19 10.5) (end 19 10.5) (layer F.SilkS) (width 0.12))
    (pad "" np_thru_hole circle (at -15.5 4.5 270) (size 3.2 3.2) (drill 3.2) (layers *.Cu *.Mask))
    (pad "" np_thru_hole circle (at 15.5 4.5 270) (size 3.2 3.2) (drill 3.2) (layers *.Cu *.Mask))
    (pad 18 thru_hole circle (at -10 3 270) (size 1.6 1.6) (drill 1.1) (layers *.Cu *.Mask)
      (net 14 CANL))
    (pad 17 thru_hole circle (at -7.5 3 270) (size 1.6 1.6) (drill 1.1) (layers *.Cu *.Mask)
      (net 39 "Net-(J2-Pad17)"))
    (pad 16 thru_hole circle (at -5 3 270) (size 1.6 1.6) (drill 1.1) (layers *.Cu *.Mask)
      (net 38 "Net-(J2-Pad16)"))
    (pad 15 thru_hole circle (at -2.5 3 270) (size 1.6 1.6) (drill 1.1) (layers *.Cu *.Mask)
      (net 37 "Net-(J2-Pad15)"))
    (pad 14 thru_hole circle (at 0 3 270) (size 1.6 1.6) (drill 1.1) (layers *.Cu *.Mask)
      (net 36 "Net-(J2-Pad14)"))
    (pad 13 thru_hole circle (at 2.5 3 270) (size 1.6 1.6) (drill 1.1) (layers *.Cu *.Mask)
      (net 11 TTAIN))
    (pad 12 thru_hole circle (at 5 3 270) (size 1.6 1.6) (drill 1.1) (layers *.Cu *.Mask)
      (net 20 TTBOUT))
    (pad 11 thru_hole circle (at 7.5 3 270) (size 1.6 1.6) (drill 1.1) (layers *.Cu *.Mask)
      (net 17 INTERSW))
    (pad 9 thru_hole circle (at -10 0 270) (size 1.6 1.6) (drill 1.1) (layers *.Cu *.Mask)
      (net 13 CANH))
    (pad 8 thru_hole circle (at -7.5 0 270) (size 1.6 1.6) (drill 1.1) (layers *.Cu *.Mask)
      (net 8 BOOT0))
    (pad 7 thru_hole circle (at -5 0 270) (size 1.6 1.6) (drill 1.1) (layers *.Cu *.Mask)
      (net 1 GND))
    (pad 6 thru_hole circle (at -2.5 0 270) (size 1.6 1.6) (drill 1.1) (layers *.Cu *.Mask)
      (net 1 GND))
    (pad 5 thru_hole circle (at 0 0 270) (size 1.6 1.6) (drill 1.1) (layers *.Cu *.Mask)
      (net 5 3V3))
    (pad 4 thru_hole circle (at 2.5 0 270) (size 1.6 1.6) (drill 1.1) (layers *.Cu *.Mask)
      (net 21 TTAOUT))
    (pad 3 thru_hole circle (at 5 0 270) (size 1.6 1.6) (drill 1.1) (layers *.Cu *.Mask)
      (net 12 TTBIN))
    (pad 2 thru_hole circle (at 7.5 0 270) (size 1.6 1.6) (drill 1.1) (layers *.Cu *.Mask)
      (net 6 VIN))
    (pad 10 thru_hole circle (at 10 3 270) (size 1.6 1.6) (drill 1.1) (layers *.Cu *.Mask)
      (net 1 GND))
    (pad 1 thru_hole circle (at 10 0 270) (size 1.6 1.6) (drill 1.1) (layers *.Cu *.Mask)
      (net 6 VIN))
  )

  (module Resistor_SMD:R_0603_1608Metric (layer F.Cu) (tedit 5B301BBD) (tstamp 5DDF8E4F)
    (at 112.8 75.9 270)
    (descr "Resistor SMD 0603 (1608 Metric), square (rectangular) end terminal, IPC_7351 nominal, (Body size source: http://www.tortai-tech.com/upload/download/2011102023233369053.pdf), generated with kicad-footprint-generator")
    (tags resistor)
    (path /5DE989C9)
    (attr smd)
    (fp_text reference R8 (at -2.35 0 90) (layer F.SilkS)
      (effects (font (size 1 1) (thickness 0.15)))
    )
    (fp_text value 120 (at 0 1.43 90) (layer F.Fab)
      (effects (font (size 1 1) (thickness 0.15)))
    )
    (fp_text user %R (at 0 0 90) (layer F.Fab)
      (effects (font (size 0.4 0.4) (thickness 0.06)))
    )
    (fp_line (start 1.48 0.73) (end -1.48 0.73) (layer F.CrtYd) (width 0.05))
    (fp_line (start 1.48 -0.73) (end 1.48 0.73) (layer F.CrtYd) (width 0.05))
    (fp_line (start -1.48 -0.73) (end 1.48 -0.73) (layer F.CrtYd) (width 0.05))
    (fp_line (start -1.48 0.73) (end -1.48 -0.73) (layer F.CrtYd) (width 0.05))
    (fp_line (start -0.162779 0.51) (end 0.162779 0.51) (layer F.SilkS) (width 0.12))
    (fp_line (start -0.162779 -0.51) (end 0.162779 -0.51) (layer F.SilkS) (width 0.12))
    (fp_line (start 0.8 0.4) (end -0.8 0.4) (layer F.Fab) (width 0.1))
    (fp_line (start 0.8 -0.4) (end 0.8 0.4) (layer F.Fab) (width 0.1))
    (fp_line (start -0.8 -0.4) (end 0.8 -0.4) (layer F.Fab) (width 0.1))
    (fp_line (start -0.8 0.4) (end -0.8 -0.4) (layer F.Fab) (width 0.1))
    (pad 2 smd roundrect (at 0.7875 0 270) (size 0.875 0.95) (layers F.Cu F.Paste F.Mask) (roundrect_rratio 0.25)
      (net 13 CANH))
    (pad 1 smd roundrect (at -0.7875 0 270) (size 0.875 0.95) (layers F.Cu F.Paste F.Mask) (roundrect_rratio 0.25)
      (net 14 CANL))
    (model ${KISYS3DMOD}/Resistor_SMD.3dshapes/R_0603_1608Metric.wrl
      (at (xyz 0 0 0))
      (scale (xyz 1 1 1))
      (rotate (xyz 0 0 0))
    )
  )

  (module TestPoint:TestPoint_THTPad_D1.5mm_Drill0.7mm (layer F.Cu) (tedit 5A0F774F) (tstamp 5DDD464E)
    (at 118.4 105.6)
    (descr "THT pad as test Point, diameter 1.5mm, hole diameter 0.7mm")
    (tags "test point THT pad")
    (path /5DDE6CDB)
    (attr virtual)
    (fp_text reference TP1 (at 0.15 1.8) (layer F.SilkS)
      (effects (font (size 1 1) (thickness 0.15)))
    )
    (fp_text value TestPoint (at 0 1.75) (layer F.Fab)
      (effects (font (size 1 1) (thickness 0.15)))
    )
    (fp_circle (center 0 0) (end 0 0.95) (layer F.SilkS) (width 0.12))
    (fp_circle (center 0 0) (end 1.25 0) (layer F.CrtYd) (width 0.05))
    (fp_text user %R (at 0 -1.65) (layer F.Fab)
      (effects (font (size 1 1) (thickness 0.15)))
    )
    (pad 1 thru_hole circle (at 0 0) (size 1.5 1.5) (drill 0.7) (layers *.Cu *.Mask)
      (net 1 GND))
  )

  (module Diode_SMD:D_SOD-123 (layer F.Cu) (tedit 58645DC7) (tstamp 5DDD2A66)
    (at 113.4 100.9 270)
    (descr SOD-123)
    (tags SOD-123)
    (path /5DDD769B)
    (attr smd)
    (fp_text reference D3 (at -1.5 1.8 90) (layer F.SilkS)
      (effects (font (size 1 1) (thickness 0.15)))
    )
    (fp_text value D_Schottky_Small (at 0 2.1 90) (layer F.Fab)
      (effects (font (size 1 1) (thickness 0.15)))
    )
    (fp_line (start -2.25 -1) (end 1.65 -1) (layer F.SilkS) (width 0.12))
    (fp_line (start -2.25 1) (end 1.65 1) (layer F.SilkS) (width 0.12))
    (fp_line (start -2.35 -1.15) (end -2.35 1.15) (layer F.CrtYd) (width 0.05))
    (fp_line (start 2.35 1.15) (end -2.35 1.15) (layer F.CrtYd) (width 0.05))
    (fp_line (start 2.35 -1.15) (end 2.35 1.15) (layer F.CrtYd) (width 0.05))
    (fp_line (start -2.35 -1.15) (end 2.35 -1.15) (layer F.CrtYd) (width 0.05))
    (fp_line (start -1.4 -0.9) (end 1.4 -0.9) (layer F.Fab) (width 0.1))
    (fp_line (start 1.4 -0.9) (end 1.4 0.9) (layer F.Fab) (width 0.1))
    (fp_line (start 1.4 0.9) (end -1.4 0.9) (layer F.Fab) (width 0.1))
    (fp_line (start -1.4 0.9) (end -1.4 -0.9) (layer F.Fab) (width 0.1))
    (fp_line (start -0.75 0) (end -0.35 0) (layer F.Fab) (width 0.1))
    (fp_line (start -0.35 0) (end -0.35 -0.55) (layer F.Fab) (width 0.1))
    (fp_line (start -0.35 0) (end -0.35 0.55) (layer F.Fab) (width 0.1))
    (fp_line (start -0.35 0) (end 0.25 -0.4) (layer F.Fab) (width 0.1))
    (fp_line (start 0.25 -0.4) (end 0.25 0.4) (layer F.Fab) (width 0.1))
    (fp_line (start 0.25 0.4) (end -0.35 0) (layer F.Fab) (width 0.1))
    (fp_line (start 0.25 0) (end 0.75 0) (layer F.Fab) (width 0.1))
    (fp_line (start -2.25 -1) (end -2.25 1) (layer F.SilkS) (width 0.12))
    (fp_text user %R (at 0 -2 90) (layer F.Fab)
      (effects (font (size 1 1) (thickness 0.15)))
    )
    (pad 2 smd rect (at 1.65 0 270) (size 0.9 1.2) (layers F.Cu F.Paste F.Mask)
      (net 5 3V3))
    (pad 1 smd rect (at -1.65 0 270) (size 0.9 1.2) (layers F.Cu F.Paste F.Mask)
      (net 6 VIN))
    (model ${KISYS3DMOD}/Diode_SMD.3dshapes/D_SOD-123.wrl
      (at (xyz 0 0 0))
      (scale (xyz 1 1 1))
      (rotate (xyz 0 0 0))
    )
  )

  (module Capacitor_SMD:C_0603_1608Metric (layer B.Cu) (tedit 5B301BBE) (tstamp 5DD431B2)
    (at 113.6375 88.75)
    (descr "Capacitor SMD 0603 (1608 Metric), square (rectangular) end terminal, IPC_7351 nominal, (Body size source: http://www.tortai-tech.com/upload/download/2011102023233369053.pdf), generated with kicad-footprint-generator")
    (tags capacitor)
    (path /5DD88D42)
    (attr smd)
    (fp_text reference C1 (at 2.3125 0 180) (layer B.SilkS)
      (effects (font (size 1 1) (thickness 0.15)) (justify mirror))
    )
    (fp_text value 0.1uF (at 0 -1.43 180) (layer B.Fab)
      (effects (font (size 1 1) (thickness 0.15)) (justify mirror))
    )
    (fp_text user %R (at 0 0 180) (layer B.Fab)
      (effects (font (size 0.4 0.4) (thickness 0.06)) (justify mirror))
    )
    (fp_line (start 1.48 -0.73) (end -1.48 -0.73) (layer B.CrtYd) (width 0.05))
    (fp_line (start 1.48 0.73) (end 1.48 -0.73) (layer B.CrtYd) (width 0.05))
    (fp_line (start -1.48 0.73) (end 1.48 0.73) (layer B.CrtYd) (width 0.05))
    (fp_line (start -1.48 -0.73) (end -1.48 0.73) (layer B.CrtYd) (width 0.05))
    (fp_line (start -0.162779 -0.51) (end 0.162779 -0.51) (layer B.SilkS) (width 0.12))
    (fp_line (start -0.162779 0.51) (end 0.162779 0.51) (layer B.SilkS) (width 0.12))
    (fp_line (start 0.8 -0.4) (end -0.8 -0.4) (layer B.Fab) (width 0.1))
    (fp_line (start 0.8 0.4) (end 0.8 -0.4) (layer B.Fab) (width 0.1))
    (fp_line (start -0.8 0.4) (end 0.8 0.4) (layer B.Fab) (width 0.1))
    (fp_line (start -0.8 -0.4) (end -0.8 0.4) (layer B.Fab) (width 0.1))
    (pad 2 smd roundrect (at 0.7875 0) (size 0.875 0.95) (layers B.Cu B.Paste B.Mask) (roundrect_rratio 0.25)
      (net 1 GND))
    (pad 1 smd roundrect (at -0.7875 0) (size 0.875 0.95) (layers B.Cu B.Paste B.Mask) (roundrect_rratio 0.25)
      (net 5 3V3))
    (model ${KISYS3DMOD}/Capacitor_SMD.3dshapes/C_0603_1608Metric.wrl
      (at (xyz 0 0 0))
      (scale (xyz 1 1 1))
      (rotate (xyz 0 0 0))
    )
  )

  (module Resistor_SMD:R_0603_1608Metric (layer B.Cu) (tedit 5B301BBD) (tstamp 5DE4F2BC)
    (at 104.2 89.6 180)
    (descr "Resistor SMD 0603 (1608 Metric), square (rectangular) end terminal, IPC_7351 nominal, (Body size source: http://www.tortai-tech.com/upload/download/2011102023233369053.pdf), generated with kicad-footprint-generator")
    (tags resistor)
    (path /5DDEFC9A)
    (attr smd)
    (fp_text reference R25 (at -0.925 3.825) (layer B.SilkS)
      (effects (font (size 1 1) (thickness 0.15)) (justify mirror))
    )
    (fp_text value 68 (at 0 -1.43) (layer B.Fab)
      (effects (font (size 1 1) (thickness 0.15)) (justify mirror))
    )
    (fp_text user %R (at 0 0) (layer B.Fab)
      (effects (font (size 0.4 0.4) (thickness 0.06)) (justify mirror))
    )
    (fp_line (start 1.48 -0.73) (end -1.48 -0.73) (layer B.CrtYd) (width 0.05))
    (fp_line (start 1.48 0.73) (end 1.48 -0.73) (layer B.CrtYd) (width 0.05))
    (fp_line (start -1.48 0.73) (end 1.48 0.73) (layer B.CrtYd) (width 0.05))
    (fp_line (start -1.48 -0.73) (end -1.48 0.73) (layer B.CrtYd) (width 0.05))
    (fp_line (start -0.162779 -0.51) (end 0.162779 -0.51) (layer B.SilkS) (width 0.12))
    (fp_line (start -0.162779 0.51) (end 0.162779 0.51) (layer B.SilkS) (width 0.12))
    (fp_line (start 0.8 -0.4) (end -0.8 -0.4) (layer B.Fab) (width 0.1))
    (fp_line (start 0.8 0.4) (end 0.8 -0.4) (layer B.Fab) (width 0.1))
    (fp_line (start -0.8 0.4) (end 0.8 0.4) (layer B.Fab) (width 0.1))
    (fp_line (start -0.8 -0.4) (end -0.8 0.4) (layer B.Fab) (width 0.1))
    (pad 2 smd roundrect (at 0.7875 0 180) (size 0.875 0.95) (layers B.Cu B.Paste B.Mask) (roundrect_rratio 0.25)
      (net 32 "Net-(D1-Pad3)"))
    (pad 1 smd roundrect (at -0.7875 0 180) (size 0.875 0.95) (layers B.Cu B.Paste B.Mask) (roundrect_rratio 0.25)
      (net 30 LED2))
    (model ${KISYS3DMOD}/Resistor_SMD.3dshapes/R_0603_1608Metric.wrl
      (at (xyz 0 0 0))
      (scale (xyz 1 1 1))
      (rotate (xyz 0 0 0))
    )
  )

  (module Resistor_SMD:R_0603_1608Metric (layer B.Cu) (tedit 5B301BBD) (tstamp 5DE4F28C)
    (at 104.2 88.05 180)
    (descr "Resistor SMD 0603 (1608 Metric), square (rectangular) end terminal, IPC_7351 nominal, (Body size source: http://www.tortai-tech.com/upload/download/2011102023233369053.pdf), generated with kicad-footprint-generator")
    (tags resistor)
    (path /5DEA826E)
    (attr smd)
    (fp_text reference R24 (at -0.9 3.575) (layer B.SilkS)
      (effects (font (size 1 1) (thickness 0.15)) (justify mirror))
    )
    (fp_text value 22 (at 0 -1.43) (layer B.Fab)
      (effects (font (size 1 1) (thickness 0.15)) (justify mirror))
    )
    (fp_text user %R (at 0 0) (layer B.Fab)
      (effects (font (size 0.4 0.4) (thickness 0.06)) (justify mirror))
    )
    (fp_line (start 1.48 -0.73) (end -1.48 -0.73) (layer B.CrtYd) (width 0.05))
    (fp_line (start 1.48 0.73) (end 1.48 -0.73) (layer B.CrtYd) (width 0.05))
    (fp_line (start -1.48 0.73) (end 1.48 0.73) (layer B.CrtYd) (width 0.05))
    (fp_line (start -1.48 -0.73) (end -1.48 0.73) (layer B.CrtYd) (width 0.05))
    (fp_line (start -0.162779 -0.51) (end 0.162779 -0.51) (layer B.SilkS) (width 0.12))
    (fp_line (start -0.162779 0.51) (end 0.162779 0.51) (layer B.SilkS) (width 0.12))
    (fp_line (start 0.8 -0.4) (end -0.8 -0.4) (layer B.Fab) (width 0.1))
    (fp_line (start 0.8 0.4) (end 0.8 -0.4) (layer B.Fab) (width 0.1))
    (fp_line (start -0.8 0.4) (end 0.8 0.4) (layer B.Fab) (width 0.1))
    (fp_line (start -0.8 -0.4) (end -0.8 0.4) (layer B.Fab) (width 0.1))
    (pad 2 smd roundrect (at 0.7875 0 180) (size 0.875 0.95) (layers B.Cu B.Paste B.Mask) (roundrect_rratio 0.25)
      (net 63 "Net-(D1-Pad5)"))
    (pad 1 smd roundrect (at -0.7875 0 180) (size 0.875 0.95) (layers B.Cu B.Paste B.Mask) (roundrect_rratio 0.25)
      (net 31 LED3))
    (model ${KISYS3DMOD}/Resistor_SMD.3dshapes/R_0603_1608Metric.wrl
      (at (xyz 0 0 0))
      (scale (xyz 1 1 1))
      (rotate (xyz 0 0 0))
    )
  )

  (module Resistor_SMD:R_0603_1608Metric (layer B.Cu) (tedit 5B301BBD) (tstamp 5DE4F337)
    (at 104.2125 91.15 180)
    (descr "Resistor SMD 0603 (1608 Metric), square (rectangular) end terminal, IPC_7351 nominal, (Body size source: http://www.tortai-tech.com/upload/download/2011102023233369053.pdf), generated with kicad-footprint-generator")
    (tags resistor)
    (path /5DDEF827)
    (attr smd)
    (fp_text reference R23 (at -0.9125 4.15) (layer B.SilkS)
      (effects (font (size 1 1) (thickness 0.15)) (justify mirror))
    )
    (fp_text value 22 (at 0 -1.43) (layer B.Fab)
      (effects (font (size 1 1) (thickness 0.15)) (justify mirror))
    )
    (fp_text user %R (at 0 0) (layer B.Fab)
      (effects (font (size 0.4 0.4) (thickness 0.06)) (justify mirror))
    )
    (fp_line (start 1.48 -0.73) (end -1.48 -0.73) (layer B.CrtYd) (width 0.05))
    (fp_line (start 1.48 0.73) (end 1.48 -0.73) (layer B.CrtYd) (width 0.05))
    (fp_line (start -1.48 0.73) (end 1.48 0.73) (layer B.CrtYd) (width 0.05))
    (fp_line (start -1.48 -0.73) (end -1.48 0.73) (layer B.CrtYd) (width 0.05))
    (fp_line (start -0.162779 -0.51) (end 0.162779 -0.51) (layer B.SilkS) (width 0.12))
    (fp_line (start -0.162779 0.51) (end 0.162779 0.51) (layer B.SilkS) (width 0.12))
    (fp_line (start 0.8 -0.4) (end -0.8 -0.4) (layer B.Fab) (width 0.1))
    (fp_line (start 0.8 0.4) (end 0.8 -0.4) (layer B.Fab) (width 0.1))
    (fp_line (start -0.8 0.4) (end 0.8 0.4) (layer B.Fab) (width 0.1))
    (fp_line (start -0.8 -0.4) (end -0.8 0.4) (layer B.Fab) (width 0.1))
    (pad 2 smd roundrect (at 0.7875 0 180) (size 0.875 0.95) (layers B.Cu B.Paste B.Mask) (roundrect_rratio 0.25)
      (net 64 "Net-(D1-Pad1)"))
    (pad 1 smd roundrect (at -0.7875 0 180) (size 0.875 0.95) (layers B.Cu B.Paste B.Mask) (roundrect_rratio 0.25)
      (net 29 LED1))
    (model ${KISYS3DMOD}/Resistor_SMD.3dshapes/R_0603_1608Metric.wrl
      (at (xyz 0 0 0))
      (scale (xyz 1 1 1))
      (rotate (xyz 0 0 0))
    )
  )

  (module VeridianDesigns:CONN_2173157-3 (layer B.Cu) (tedit 5DD22E5D) (tstamp 5DE2A6BF)
    (at 102.7 82.4 90)
    (path /5DD455D2)
    (attr smd)
    (fp_text reference J1 (at -4.9 -1.2 270) (layer B.SilkS)
      (effects (font (size 0.630076 0.630076) (thickness 0.05)) (justify mirror))
    )
    (fp_text value USB_B_Micro (at 0.275 -1.425 90) (layer B.SilkS) hide
      (effects (font (size 0.631169 0.631169) (thickness 0.05)) (justify mirror))
    )
    (fp_line (start 4.35 0.9) (end -4.35 0.9) (layer Eco1.User) (width 0.05))
    (fp_line (start 4.35 -4.9) (end 4.35 0.9) (layer Eco1.User) (width 0.05))
    (fp_line (start -4.35 -4.9) (end 4.35 -4.9) (layer Eco1.User) (width 0.05))
    (fp_line (start -4.35 0.9) (end -4.35 -4.9) (layer Eco1.User) (width 0.05))
    (fp_line (start 4.1 -4.65) (end 4.1 0.501) (layer B.SilkS) (width 0.127))
    (fp_line (start -4.1 -4.65) (end 4.1 -4.65) (layer B.SilkS) (width 0.127))
    (fp_line (start -4.1 0.501) (end -4.1 -4.65) (layer B.SilkS) (width 0.127))
    (fp_line (start 4.1 0.5) (end -4.1 0.5) (layer Eco2.User) (width 0.127))
    (fp_line (start 4.1 -4.65) (end 4.1 0.5) (layer Eco2.User) (width 0.127))
    (fp_line (start -4.1 -4.65) (end 4.1 -4.65) (layer Eco2.User) (width 0.127))
    (fp_line (start -4.1 0.5) (end -4.1 -4.65) (layer Eco2.User) (width 0.127))
    (pad 6 smd rect (at 2.075 -1.95 90) (size 2.25 2.3) (layers B.Cu B.Paste B.Mask)
      (net 1 GND))
    (pad 6 smd rect (at -2.075 -1.95 90) (size 2.25 2.3) (layers B.Cu B.Paste B.Mask)
      (net 1 GND))
    (pad 6 smd rect (at 3.075 0 90) (size 1.75 1.3) (layers B.Cu B.Paste B.Mask)
      (net 1 GND))
    (pad 6 smd rect (at -3.075 0 90) (size 1.75 1.3) (layers B.Cu B.Paste B.Mask)
      (net 1 GND))
    (pad 5 smd rect (at 1.3 0) (size 1.3 0.5) (layers B.Cu B.Paste B.Mask)
      (net 1 GND))
    (pad 4 smd rect (at 0.65 0) (size 1.3 0.5) (layers B.Cu B.Paste B.Mask)
      (net 40 "Net-(J1-Pad4)"))
    (pad 3 smd rect (at 0 0) (size 1.3 0.5) (layers B.Cu B.Paste B.Mask)
      (net 41 USB_P))
    (pad 2 smd rect (at -0.65 0) (size 1.3 0.5) (layers B.Cu B.Paste B.Mask)
      (net 42 USB_N))
    (pad 1 smd rect (at -1.3 0) (size 1.3 0.5) (layers B.Cu B.Paste B.Mask)
      (net 7 VUSB))
    (model "C:/KiCad/VeridianDesigns.pretty/3D Models/c-2173157-3-a-3d.stp"
      (offset (xyz 0 -4.5 2))
      (scale (xyz 1 1 1))
      (rotate (xyz -90 0 0))
    )
  )

  (module Capacitor_SMD:C_0603_1608Metric (layer F.Cu) (tedit 5B301BBE) (tstamp 5DC2C2C0)
    (at 113.3 94.0625 270)
    (descr "Capacitor SMD 0603 (1608 Metric), square (rectangular) end terminal, IPC_7351 nominal, (Body size source: http://www.tortai-tech.com/upload/download/2011102023233369053.pdf), generated with kicad-footprint-generator")
    (tags capacitor)
    (path /5D93480B)
    (attr smd)
    (fp_text reference C2 (at -2.55 0.15 90) (layer F.SilkS)
      (effects (font (size 1 1) (thickness 0.15)))
    )
    (fp_text value 0.1uF (at 0 1.43 90) (layer F.Fab)
      (effects (font (size 1 1) (thickness 0.15)))
    )
    (fp_text user %R (at 0 0 90) (layer F.Fab)
      (effects (font (size 0.4 0.4) (thickness 0.06)))
    )
    (fp_line (start 1.48 0.73) (end -1.48 0.73) (layer F.CrtYd) (width 0.05))
    (fp_line (start 1.48 -0.73) (end 1.48 0.73) (layer F.CrtYd) (width 0.05))
    (fp_line (start -1.48 -0.73) (end 1.48 -0.73) (layer F.CrtYd) (width 0.05))
    (fp_line (start -1.48 0.73) (end -1.48 -0.73) (layer F.CrtYd) (width 0.05))
    (fp_line (start -0.162779 0.51) (end 0.162779 0.51) (layer F.SilkS) (width 0.12))
    (fp_line (start -0.162779 -0.51) (end 0.162779 -0.51) (layer F.SilkS) (width 0.12))
    (fp_line (start 0.8 0.4) (end -0.8 0.4) (layer F.Fab) (width 0.1))
    (fp_line (start 0.8 -0.4) (end 0.8 0.4) (layer F.Fab) (width 0.1))
    (fp_line (start -0.8 -0.4) (end 0.8 -0.4) (layer F.Fab) (width 0.1))
    (fp_line (start -0.8 0.4) (end -0.8 -0.4) (layer F.Fab) (width 0.1))
    (pad 2 smd roundrect (at 0.7875 0 270) (size 0.875 0.95) (layers F.Cu F.Paste F.Mask) (roundrect_rratio 0.25)
      (net 33 REGIN))
    (pad 1 smd roundrect (at -0.7875 0 270) (size 0.875 0.95) (layers F.Cu F.Paste F.Mask) (roundrect_rratio 0.25)
      (net 1 GND))
    (model ${KISYS3DMOD}/Capacitor_SMD.3dshapes/C_0603_1608Metric.wrl
      (at (xyz 0 0 0))
      (scale (xyz 1 1 1))
      (rotate (xyz 0 0 0))
    )
  )

  (module Capacitor_SMD:C_0603_1608Metric (layer B.Cu) (tedit 5B301BBE) (tstamp 5DC2C2E2)
    (at 116.4625 90.658 180)
    (descr "Capacitor SMD 0603 (1608 Metric), square (rectangular) end terminal, IPC_7351 nominal, (Body size source: http://www.tortai-tech.com/upload/download/2011102023233369053.pdf), generated with kicad-footprint-generator")
    (tags capacitor)
    (path /5DE1591C)
    (attr smd)
    (fp_text reference C4 (at 2.4625 0.008) (layer B.SilkS)
      (effects (font (size 1 1) (thickness 0.15)) (justify mirror))
    )
    (fp_text value 10nF (at 0 -1.43) (layer B.Fab)
      (effects (font (size 1 1) (thickness 0.15)) (justify mirror))
    )
    (fp_text user %R (at 0 0) (layer B.Fab)
      (effects (font (size 0.4 0.4) (thickness 0.06)) (justify mirror))
    )
    (fp_line (start 1.48 -0.73) (end -1.48 -0.73) (layer B.CrtYd) (width 0.05))
    (fp_line (start 1.48 0.73) (end 1.48 -0.73) (layer B.CrtYd) (width 0.05))
    (fp_line (start -1.48 0.73) (end 1.48 0.73) (layer B.CrtYd) (width 0.05))
    (fp_line (start -1.48 -0.73) (end -1.48 0.73) (layer B.CrtYd) (width 0.05))
    (fp_line (start -0.162779 -0.51) (end 0.162779 -0.51) (layer B.SilkS) (width 0.12))
    (fp_line (start -0.162779 0.51) (end 0.162779 0.51) (layer B.SilkS) (width 0.12))
    (fp_line (start 0.8 -0.4) (end -0.8 -0.4) (layer B.Fab) (width 0.1))
    (fp_line (start 0.8 0.4) (end 0.8 -0.4) (layer B.Fab) (width 0.1))
    (fp_line (start -0.8 0.4) (end 0.8 0.4) (layer B.Fab) (width 0.1))
    (fp_line (start -0.8 -0.4) (end -0.8 0.4) (layer B.Fab) (width 0.1))
    (pad 2 smd roundrect (at 0.7875 0 180) (size 0.875 0.95) (layers B.Cu B.Paste B.Mask) (roundrect_rratio 0.25)
      (net 27 "Net-(C4-Pad2)"))
    (pad 1 smd roundrect (at -0.7875 0 180) (size 0.875 0.95) (layers B.Cu B.Paste B.Mask) (roundrect_rratio 0.25)
      (net 34 "Net-(C4-Pad1)"))
    (model ${KISYS3DMOD}/Capacitor_SMD.3dshapes/C_0603_1608Metric.wrl
      (at (xyz 0 0 0))
      (scale (xyz 1 1 1))
      (rotate (xyz 0 0 0))
    )
  )

  (module Capacitor_SMD:C_0603_1608Metric (layer B.Cu) (tedit 5B301BBE) (tstamp 5DC2C2F3)
    (at 113.8 100.1125 90)
    (descr "Capacitor SMD 0603 (1608 Metric), square (rectangular) end terminal, IPC_7351 nominal, (Body size source: http://www.tortai-tech.com/upload/download/2011102023233369053.pdf), generated with kicad-footprint-generator")
    (tags capacitor)
    (path /5DE1D34A)
    (attr smd)
    (fp_text reference C5 (at -2.3375 0.1 270) (layer B.SilkS)
      (effects (font (size 1 1) (thickness 0.15)) (justify mirror))
    )
    (fp_text value 10nF (at 0 -1.43 270) (layer B.Fab)
      (effects (font (size 1 1) (thickness 0.15)) (justify mirror))
    )
    (fp_text user %R (at 0 0 270) (layer B.Fab)
      (effects (font (size 0.4 0.4) (thickness 0.06)) (justify mirror))
    )
    (fp_line (start 1.48 -0.73) (end -1.48 -0.73) (layer B.CrtYd) (width 0.05))
    (fp_line (start 1.48 0.73) (end 1.48 -0.73) (layer B.CrtYd) (width 0.05))
    (fp_line (start -1.48 0.73) (end 1.48 0.73) (layer B.CrtYd) (width 0.05))
    (fp_line (start -1.48 -0.73) (end -1.48 0.73) (layer B.CrtYd) (width 0.05))
    (fp_line (start -0.162779 -0.51) (end 0.162779 -0.51) (layer B.SilkS) (width 0.12))
    (fp_line (start -0.162779 0.51) (end 0.162779 0.51) (layer B.SilkS) (width 0.12))
    (fp_line (start 0.8 -0.4) (end -0.8 -0.4) (layer B.Fab) (width 0.1))
    (fp_line (start 0.8 0.4) (end 0.8 -0.4) (layer B.Fab) (width 0.1))
    (fp_line (start -0.8 0.4) (end 0.8 0.4) (layer B.Fab) (width 0.1))
    (fp_line (start -0.8 -0.4) (end -0.8 0.4) (layer B.Fab) (width 0.1))
    (pad 2 smd roundrect (at 0.7875 0 90) (size 0.875 0.95) (layers B.Cu B.Paste B.Mask) (roundrect_rratio 0.25)
      (net 28 "Net-(C5-Pad2)"))
    (pad 1 smd roundrect (at -0.7875 0 90) (size 0.875 0.95) (layers B.Cu B.Paste B.Mask) (roundrect_rratio 0.25)
      (net 35 "Net-(C5-Pad1)"))
    (model ${KISYS3DMOD}/Capacitor_SMD.3dshapes/C_0603_1608Metric.wrl
      (at (xyz 0 0 0))
      (scale (xyz 1 1 1))
      (rotate (xyz 0 0 0))
    )
  )

  (module Capacitor_SMD:C_0603_1608Metric (layer B.Cu) (tedit 5B301BBE) (tstamp 5DC2C2D1)
    (at 118.75 99.258 180)
    (descr "Capacitor SMD 0603 (1608 Metric), square (rectangular) end terminal, IPC_7351 nominal, (Body size source: http://www.tortai-tech.com/upload/download/2011102023233369053.pdf), generated with kicad-footprint-generator")
    (tags capacitor)
    (path /5D938914)
    (attr smd)
    (fp_text reference C3 (at -0.05 1.058 180) (layer B.SilkS)
      (effects (font (size 1 1) (thickness 0.15)) (justify mirror))
    )
    (fp_text value 0.1uF (at 0 -1.43 180) (layer B.Fab)
      (effects (font (size 1 1) (thickness 0.15)) (justify mirror))
    )
    (fp_text user %R (at 0 0 180) (layer B.Fab)
      (effects (font (size 0.4 0.4) (thickness 0.06)) (justify mirror))
    )
    (fp_line (start 1.48 -0.73) (end -1.48 -0.73) (layer B.CrtYd) (width 0.05))
    (fp_line (start 1.48 0.73) (end 1.48 -0.73) (layer B.CrtYd) (width 0.05))
    (fp_line (start -1.48 0.73) (end 1.48 0.73) (layer B.CrtYd) (width 0.05))
    (fp_line (start -1.48 -0.73) (end -1.48 0.73) (layer B.CrtYd) (width 0.05))
    (fp_line (start -0.162779 -0.51) (end 0.162779 -0.51) (layer B.SilkS) (width 0.12))
    (fp_line (start -0.162779 0.51) (end 0.162779 0.51) (layer B.SilkS) (width 0.12))
    (fp_line (start 0.8 -0.4) (end -0.8 -0.4) (layer B.Fab) (width 0.1))
    (fp_line (start 0.8 0.4) (end 0.8 -0.4) (layer B.Fab) (width 0.1))
    (fp_line (start -0.8 0.4) (end 0.8 0.4) (layer B.Fab) (width 0.1))
    (fp_line (start -0.8 -0.4) (end -0.8 0.4) (layer B.Fab) (width 0.1))
    (pad 2 smd roundrect (at 0.7875 0 180) (size 0.875 0.95) (layers B.Cu B.Paste B.Mask) (roundrect_rratio 0.25)
      (net 1 GND))
    (pad 1 smd roundrect (at -0.7875 0 180) (size 0.875 0.95) (layers B.Cu B.Paste B.Mask) (roundrect_rratio 0.25)
      (net 22 "Net-(C3-Pad1)"))
    (model ${KISYS3DMOD}/Capacitor_SMD.3dshapes/C_0603_1608Metric.wrl
      (at (xyz 0 0 0))
      (scale (xyz 1 1 1))
      (rotate (xyz 0 0 0))
    )
  )

  (module Resistor_SMD:R_0603_1608Metric (layer B.Cu) (tedit 5B301BBD) (tstamp 5DCC654F)
    (at 115.6 74.4625 90)
    (descr "Resistor SMD 0603 (1608 Metric), square (rectangular) end terminal, IPC_7351 nominal, (Body size source: http://www.tortai-tech.com/upload/download/2011102023233369053.pdf), generated with kicad-footprint-generator")
    (tags resistor)
    (path /5DE36E72)
    (attr smd)
    (fp_text reference R18 (at -0.0625 -7.05 270) (layer B.SilkS)
      (effects (font (size 1 1) (thickness 0.15)) (justify mirror))
    )
    (fp_text value 2.2k (at 0 -1.43 270) (layer B.Fab)
      (effects (font (size 1 1) (thickness 0.15)) (justify mirror))
    )
    (fp_text user %R (at 0 0 270) (layer B.Fab)
      (effects (font (size 0.4 0.4) (thickness 0.06)) (justify mirror))
    )
    (fp_line (start 1.48 -0.73) (end -1.48 -0.73) (layer B.CrtYd) (width 0.05))
    (fp_line (start 1.48 0.73) (end 1.48 -0.73) (layer B.CrtYd) (width 0.05))
    (fp_line (start -1.48 0.73) (end 1.48 0.73) (layer B.CrtYd) (width 0.05))
    (fp_line (start -1.48 -0.73) (end -1.48 0.73) (layer B.CrtYd) (width 0.05))
    (fp_line (start -0.162779 -0.51) (end 0.162779 -0.51) (layer B.SilkS) (width 0.12))
